1.000000000000000000e+00 0.000000000000000000e+00 0.000000000000000000e+00 0.000000000000000000e+00 0.000000000000000000e+00 1.000000000000000000e+00 0.000000000000000000e+00 0.000000000000000000e+00 0.000000000000000000e+00 0.000000000000000000e+00 1.000000000000000000e+00 0.000000000000000000e+00 0.000000000000000000e+00 0.000000000000000000e+00 0.000000000000000000e+00 1.000000000000000000e+00
9.999980603106984889e-01 1.372876099049783220e-03 1.412298147498636768e-03 -1.081478908392459644e-02 -1.366256693728262056e-03 9.999881279851702276e-01 -4.677310269996638389e-03 -1.514612887845052285e-03 -1.418702748151616381e-03 4.675371635670381998e-03 9.999880640200566884e-01 9.856942133610366863e-01 0.000000000000000000e+00 0.000000000000000000e+00 0.000000000000000000e+00 1.000000000000000000e+00
9.999965794370720973e-01 -5.856653981575660238e-04 2.549139109007820311e-03 -2.203495025008397890e-02 5.995973113689281441e-04 9.999848705498760593e-01 -5.468011924970082351e-03 -2.150487537940331574e-03 -2.545898116553644772e-03 5.469521678247268003e-03 9.999818012020974534e-01 1.934840184587667489e+00 0.000000000000000000e+00 0.000000000000000000e+00 0.000000000000000000e+00 1.000000000000000000e+00
9.999946649564742662e-01 -2.028730591455423123e-03 2.560138819700457247e-03 -2.108238616416372585e-02 2.031640283055709435e-03 9.999972927287856805e-01 -1.134448262154793890e-03 -4.335987729386351144e-03 -2.557830398816464748e-03 1.139643490980255013e-03 9.999960793504962808e-01 2.895032269641446554e+00 0.000000000000000000e+00 0.000000000000000000e+00 0.000000000000000000e+00 1.000000000000000000e+00
9.999824968420443216e-01 -4.039658993457813201e-03 4.322865342270095466e-03 -5.612172637111165902e-02 4.019993457663744926e-03 9.999815763666222157e-01 4.548250204790077467e-03 -1.942545383349139274e-03 -4.341159079228181991e-03 -4.530792705654031367e-03 9.999803129338631358e-01 3.841713454874808420e+00 0.000000000000000000e+00 0.000000000000000000e+00 0.000000000000000000e+00 1.000000000000000000e+00
9.999653035216526931e-01 -7.427340182537064614e-03 3.771786136809247153e-03 -6.518551640238690048e-02 7.409536211927758749e-03 9.999614446285256530e-01 4.712539607896788427e-03 -7.042689384747146883e-04 -3.806642348985168726e-03 -4.684428913403989626e-03 9.999817826339546523e-01 4.816547693054717527e+00 0.000000000000000000e+00 0.000000000000000000e+00 0.000000000000000000e+00 1.000000000000000000e+00
9.999488667955077625e-01 -1.008002131795271081e-02 8.105335339390667884e-04 2.298747527376567706e-02 1.007792491993310564e-02 9.999459644552154414e-01 2.550215488306194732e-03 -1.559377916009913219e-02 -8.361959628055354657e-04 -2.541916591515960746e-03 9.999964197117672260e-01 5.594761044992976551e+00 0.000000000000000000e+00 0.000000000000000000e+00 0.000000000000000000e+00 1.000000000000000000e+00
9.999471032938568316e-01 -1.023920843760499702e-02 9.742816822875199033e-04 1.413803832138793570e-03 1.023973964073938633e-02 9.999474257059612903e-01 -5.418081858063522518e-04 -1.848520789035054332e-02 -9.686827731682456878e-04 5.517559167013731409e-04 9.999993786093533954e-01 6.541104759595524953e+00 0.000000000000000000e+00 0.000000000000000000e+00 0.000000000000000000e+00 1.000000000000000000e+00
9.999326703387855231e-01 -1.155091904166549895e-02 -1.109530729128605214e-03 1.436865961886936785e-02 1.155012675452459815e-02 9.999330373916367476e-01 -7.178472604138352170e-04 -2.005358619230619352e-02 1.117748227646205928e-03 7.049837074415552700e-04 9.999991268180543624e-01 7.479254147949255582e+00 0.000000000000000000e+00 0.000000000000000000e+00 0.000000000000000000e+00 1.000000000000000000e+00
9.999420379666106307e-01 -1.071191803299222610e-02 -1.084213648749157146e-03 9.486588279686448272e-04 1.071378900565191951e-02 9.999411008485622476e-01 1.734808031795528893e-03 -2.670958386871800233e-02 1.065566668045660236e-03 -1.746323515064169413e-03 9.999979074587387329e-01 8.395024670170403880e+00 0.000000000000000000e+00 0.000000000000000000e+00 0.000000000000000000e+00 1.000000000000000000e+00
9.999503969401174475e-01 -9.856918945714424410e-03 -1.429967901473183515e-03 -2.885283447173079066e-02 9.862180502257429995e-03 9.999444467435872896e-01 3.720325577322620286e-03 -9.009480104088966879e-03 1.393217514432330915e-03 -3.734243639346945115e-03 9.999920571531549784e-01 9.386608187776523948e+00 0.000000000000000000e+00 0.000000000000000000e+00 0.000000000000000000e+00 1.000000000000000000e+00
9.999358037284674650e-01 -1.061070758838907231e-02 -3.975085706951405132e-03 -2.036090232021602747e-02 1.063260212054379684e-02 9.999281924529261900e-01 5.527902854558136396e-03 -5.973719957643031445e-03 3.916145305030632046e-03 -5.569813488522494006e-03 9.999768202231750225e-01 1.033446940834466687e+01 0.000000000000000000e+00 0.000000000000000000e+00 0.000000000000000000e+00 1.000000000000000000e+00
9.999400231401189831e-01 -1.044061638614343125e-02 -3.308119105474723563e-03 -3.908861021293777438e-02 1.046139945673363152e-02 9.999252506120756001e-01 6.328689420689415784e-03 -4.176280950111933669e-03 3.241796407127914195e-03 -6.362917401183587271e-03 9.999745016940180253e-01 1.126534386170924762e+01 0.000000000000000000e+00 0.000000000000000000e+00 0.000000000000000000e+00 1.000000000000000000e+00
9.999429276925867471e-01 -9.675328767282814074e-03 -4.530934873044585760e-03 -5.171848041779462946e-02 9.707167480805325294e-03 9.999279716488630454e-01 7.058499393579588388e-03 -1.153448053407766724e-02 4.462315215039972492e-03 -7.102079092389578484e-03 9.999648234890498033e-01 1.222113766008016889e+01 0.000000000000000000e+00 0.000000000000000000e+00 0.000000000000000000e+00 1.000000000000000000e+00
9.999139152195417601e-01 -1.178914156274274427e-02 -5.760060029248026750e-03 -5.284957203923860286e-02 1.181350733940843799e-02 9.999213361156215063e-01 4.214572942888981065e-03 2.029626057856694435e-02 5.709920723501602652e-03 -4.282256643733367736e-03 9.999745292173035649e-01 1.315548774799448495e+01 0.000000000000000000e+00 0.000000000000000000e+00 0.000000000000000000e+00 1.000000000000000000e+00
9.999093619241425923e-01 -1.135733626624122437e-02 -7.230411426001307970e-03 -7.922366113437523394e-02 1.137484204180056607e-02 9.999324609769580929e-01 2.384628500841753668e-03 2.435384986126815088e-02 7.202840063323221950e-03 -2.466657150570730934e-03 9.999710169287522321e-01 1.412245273379370936e+01 0.000000000000000000e+00 0.000000000000000000e+00 0.000000000000000000e+00 1.000000000000000000e+00
9.998883828510819471e-01 -1.248515521317628690e-02 -8.206262166845723627e-03 -9.651784731004733886e-02 1.248934794559439579e-02 9.999218993042970904e-01 4.598690902043389098e-04 3.643320546265643722e-02 8.199879715092388277e-03 -5.623086244620677460e-04 9.999662223203683586e-01 1.508142436046884427e+01 0.000000000000000000e+00 0.000000000000000000e+00 0.000000000000000000e+00 1.000000000000000000e+00
9.998838974690991144e-01 -1.160410354267590351e-02 -9.876049968215271438e-03 -1.217025646056947297e-01 1.160764590685575172e-02 9.999325835740140445e-01 3.014357267761206931e-04 3.340621737491452498e-02 9.871886268838539827e-03 -4.160384203147079281e-04 9.999511851953210018e-01 1.603116240741312737e+01 0.000000000000000000e+00 0.000000000000000000e+00 0.000000000000000000e+00 1.000000000000000000e+00
9.998825235834273295e-01 -1.099249826644721137e-02 -1.068194805731959018e-02 -1.647995489104432110e-01 1.098350417260203840e-02 9.999392742117240163e-01 -9.002916305972695011e-04 3.928862477330907765e-02 1.069119584179209145e-02 7.828606465035892930e-04 9.999425410795761415e-01 1.699592240988250680e+01 0.000000000000000000e+00 0.000000000000000000e+00 0.000000000000000000e+00 1.000000000000000000e+00
9.998614467189820276e-01 -9.620072886492480463e-03 -1.358460756455811234e-02 -1.699839603730522453e-01 9.617559324317723202e-03 9.999537188683005340e-01 -2.503479543452776564e-04 3.093756180701646985e-02 1.358638721911408984e-02 1.196624986651590724e-04 9.999076936213752154e-01 1.788804909910243168e+01 0.000000000000000000e+00 0.000000000000000000e+00 0.000000000000000000e+00 1.000000000000000000e+00
9.998332377902526824e-01 -9.730886040943336618e-03 -1.545336425242894128e-02 -1.722553599851670003e-01 9.736386529009285681e-03 9.999525608546206978e-01 2.807447996492809625e-04 3.618799225408692727e-02 1.544989926238355890e-02 -4.311579095613243080e-04 9.998805502236948195e-01 1.877657936245343961e+01 0.000000000000000000e+00 0.000000000000000000e+00 0.000000000000000000e+00 1.000000000000000000e+00
9.998156326036081731e-01 -8.909241454517834863e-03 -1.700959194549014203e-02 -1.923991945079582266e-01 8.943875019096804435e-03 9.999580796484479617e-01 1.961133710244686301e-03 3.050569934217101792e-02 1.699140668366685286e-02 -2.112903805614817221e-03 9.998534031228868413e-01 1.965377028448829577e+01 0.000000000000000000e+00 0.000000000000000000e+00 0.000000000000000000e+00 1.000000000000000000e+00
9.997733682837772751e-01 -9.085645773261133776e-03 -1.925261310558980601e-02 -1.982079032507846339e-01 9.136443983305146677e-03 9.999550048351477649e-01 2.552194443621052036e-03 3.416558810459395523e-02 1.922855849643001491e-02 -2.727516456585625353e-03 9.998113938099166820e-01 2.054262968968034286e+01 0.000000000000000000e+00 0.000000000000000000e+00 0.000000000000000000e+00 1.000000000000000000e+00
9.997273227003283802e-01 -9.958410210506208823e-03 -2.112132364489394468e-02 -2.187721699522307273e-01 1.002391028050378732e-02 9.999452665155287301e-01 2.997531630365234297e-03 3.053464446989477901e-02 2.109031695166001599e-02 -3.208432524756521433e-03 9.997724263509233378e-01 2.141921049176242775e+01 0.000000000000000000e+00 0.000000000000000000e+00 0.000000000000000000e+00 1.000000000000000000e+00
9.996770036380328017e-01 -1.017568442369378053e-02 -2.328827696060984179e-02 -2.448368615475845222e-01 1.025557763986352164e-02 9.999419193812189022e-01 3.313757908349067912e-03 2.123465539201031815e-02 2.325320460834169947e-02 -3.551522309068421996e-03 9.997232993007267865e-01 2.227686688913786739e+01 0.000000000000000000e+00 0.000000000000000000e+00 0.000000000000000000e+00 1.000000000000000000e+00
9.996456352516793764e-01 -9.829255583463697779e-03 -2.473842470614264627e-02 -2.727597375489401732e-01 9.948266022288865945e-03 9.999395054021870122e-01 4.692285069971776669e-03 1.280448732750102438e-02 2.469080649586626389e-02 -4.936726719502984757e-03 9.996829461403651251e-01 2.313884493089567229e+01 0.000000000000000000e+00 0.000000000000000000e+00 0.000000000000000000e+00 1.000000000000000000e+00
9.996062561368392885e-01 -1.045625966147673870e-02 -2.603842018985506532e-02 -2.989938631966108651e-01 1.061369291586529082e-02 9.999261764154458998e-01 5.915339539942114817e-03 2.692368174615206514e-02 2.597464561412504355e-02 -6.189374207209155307e-03 9.996434411489646399e-01 2.401375317460315273e+01 0.000000000000000000e+00 0.000000000000000000e+00 0.000000000000000000e+00 1.000000000000000000e+00
9.995703135188127586e-01 -1.116496273311792624e-02 -2.710224970496675698e-02 -3.299520824952176246e-01 1.141253899245837401e-02 9.998943942166464982e-01 8.997464524511843836e-03 3.216571225867231876e-02 2.699893119454724669e-02 -9.302903917181993068e-03 9.995921736853784489e-01 2.489497332375319161e+01 0.000000000000000000e+00 0.000000000000000000e+00 0.000000000000000000e+00 1.000000000000000000e+00
9.995471222019854940e-01 -1.047234054940215583e-02 -2.821135553542621771e-02 -3.445882068108465091e-01 1.077495650766460873e-02 9.998858043028125975e-01 1.059616279481419114e-02 3.703436398029379822e-02 2.809716729470800034e-02 -1.089534015685677572e-02 9.995458172354477755e-01 2.571122294510952244e+01 0.000000000000000000e+00 0.000000000000000000e+00 0.000000000000000000e+00 1.000000000000000000e+00
9.994882171989102337e-01 -9.533479211658412236e-03 -3.053549499623795307e-02 -3.589908289225566818e-01 9.854145399617890780e-03 9.998976928121069419e-01 1.036820753396896881e-02 3.189487787956912790e-02 3.043352590462667165e-02 -1.066380247121722497e-02 9.994799066603923254e-01 2.654622886438153273e+01 0.000000000000000000e+00 0.000000000000000000e+00 0.000000000000000000e+00 1.000000000000000000e+00
9.994466926332851164e-01 -8.849681430467649240e-03 -3.206231000671912884e-02 -3.640061008762416894e-01 9.090399843538926952e-03 9.999315225766362003e-01 7.369856732213873017e-03 3.965030116867661325e-02 3.199489357807446671e-02 -7.657238154060923979e-03 9.994587002416753796e-01 2.730990908409823703e+01 0.000000000000000000e+00 0.000000000000000000e+00 0.000000000000000000e+00 1.000000000000000000e+00
9.994164738768894773e-01 -7.911493736796160886e-03 -3.322830134595525231e-02 -3.957701999490823019e-01 8.137035534282613738e-03 9.999447289438809783e-01 6.657905831490609425e-03 3.543241873772176587e-02 3.317379080236077665e-02 -6.924400638308656625e-03 9.994256111785413399e-01 2.809046901532297014e+01 0.000000000000000000e+00 0.000000000000000000e+00 0.000000000000000000e+00 1.000000000000000000e+00
9.993654167854610915e-01 -7.891873663830262231e-03 -3.473445066926625358e-02 -4.214059641470260797e-01 8.082539498207074249e-03 9.999530118603341400e-01 5.352254357278600667e-03 5.423585962943662520e-02 3.469057924684264271e-02 -5.629600475986448402e-03 9.993822448442831741e-01 2.890797295041106096e+01 0.000000000000000000e+00 0.000000000000000000e+00 0.000000000000000000e+00 1.000000000000000000e+00
9.992453807607323268e-01 -8.657608711025513437e-03 -3.786442710177396337e-02 -4.392493945391606758e-01 8.855526462728734519e-03 9.999479744260704184e-01 5.062419605804117234e-03 5.970374983849226214e-02 3.781862873514438284e-02 -5.393908842768186176e-03 9.992700621293467700e-01 2.971674893249855742e+01 0.000000000000000000e+00 0.000000000000000000e+00 0.000000000000000000e+00 1.000000000000000000e+00
9.992395394943737186e-01 -7.286676252233972167e-03 -3.830466107756125282e-02 -4.937688561749667415e-01 7.449986045801362290e-03 9.999637509582501860e-01 4.122435860323308068e-03 5.543755200721330739e-02 3.827323371481785447e-02 -4.404670101181597242e-03 9.992576036549886132e-01 3.040840609049768517e+01 0.000000000000000000e+00 0.000000000000000000e+00 0.000000000000000000e+00 1.000000000000000000e+00
9.990974235775167411e-01 -7.713004653591738757e-03 -4.177137488737266147e-02 -5.182465755120154727e-01 7.893503280658666077e-03 9.999602014543831352e-01 4.157897697903076284e-03 5.787060329846869383e-02 4.173764256311062598e-02 -4.483867362185004098e-03 9.991185435806665405e-01 3.118492979196804882e+01 0.000000000000000000e+00 0.000000000000000000e+00 0.000000000000000000e+00 1.000000000000000000e+00
9.989826449677647879e-01 -7.496450228362989965e-03 -4.446884625422548726e-02 -5.356518631181073076e-01 7.772382070514681322e-03 9.999515808033718756e-01 6.035406016674611449e-03 4.446957562924305773e-02 4.442144898760290450e-02 -6.374894729314841899e-03 9.989925403059982667e-01 3.182101174233562091e+01 0.000000000000000000e+00 0.000000000000000000e+00 0.000000000000000000e+00 1.000000000000000000e+00
9.991345990577419345e-01 -7.787811478793088896e-03 -4.085832789157694406e-02 -7.208713615973544320e-01 8.116950566899384586e-03 9.999358827411071182e-01 7.895917948923907026e-03 5.890556981123276636e-02 4.079421624715133532e-02 -8.220729841833076743e-03 9.991337505667836627e-01 3.245669993473327253e+01 0.000000000000000000e+00 0.000000000000000000e+00 0.000000000000000000e+00 1.000000000000000000e+00
9.990178846433609428e-01 -7.342896513548082330e-03 -4.369608716458923264e-02 -7.548350202540053955e-01 7.782711292913207894e-03 9.999206697298120838e-01 9.903719100117554935e-03 5.715547049107713717e-02 4.361989875773689129e-02 -1.023406653653352594e-02 9.989957799282687123e-01 3.316643865855848361e+01 0.000000000000000000e+00 0.000000000000000000e+00 0.000000000000000000e+00 1.000000000000000000e+00
9.989985885233693130e-01 -5.379072652743189728e-03 -4.441717804759678923e-02 -8.038526349662756809e-01 5.846779946532825942e-03 9.999287555189911858e-01 1.040668297283276443e-02 5.145153690314747258e-02 4.435803526501395921e-02 -1.065595906696046799e-02 9.989588656415191448e-01 3.379610983503320654e+01 0.000000000000000000e+00 0.000000000000000000e+00 0.000000000000000000e+00 1.000000000000000000e+00
9.989835991781839120e-01 2.903720365927383923e-04 -4.507420833560586704e-02 -8.691072564822861501e-01 1.766859208604798222e-04 9.999463425132993910e-01 1.035764820600172664e-02 1.801963796659634270e-02 4.507479733827544910e-02 -1.035508466185993369e-02 9.989299449243469464e-01 3.435901167651643107e+01 0.000000000000000000e+00 0.000000000000000000e+00 0.000000000000000000e+00 1.000000000000000000e+00
9.988459000581768610e-01 1.695879831487926651e-03 -4.799991592250452827e-02 -8.950434000184289696e-01 -1.207213103121223966e-03 9.999471710044964823e-01 1.020773415732066994e-02 1.452353538134595022e-02 4.801469122564468173e-02 -1.013800728447320811e-02 9.987951793209685070e-01 3.500660380938486327e+01 0.000000000000000000e+00 0.000000000000000000e+00 0.000000000000000000e+00 1.000000000000000000e+00
9.988470128799773473e-01 2.205079864651168786e-03 -4.795604741361152862e-02 -9.616705863022150247e-01 -1.682731356669476749e-03 9.999388512009461660e-01 1.092987987637941173e-02 3.315594434058211082e-02 4.797721621694327199e-02 -1.083658072093379547e-02 9.987896451417340726e-01 3.574225048828863294e+01 0.000000000000000000e+00 0.000000000000000000e+00 0.000000000000000000e+00 1.000000000000000000e+00
9.988218487505837739e-01 3.928907712903193655e-03 -4.836815215251769051e-02 -1.020355116844100074e+00 -3.343127620161433482e-03 9.999201615758815942e-01 1.218581026344441737e-02 5.316567255453095997e-02 4.841216743940433137e-02 -1.200975263046019474e-02 9.987552392280973912e-01 3.629273140078639415e+01 0.000000000000000000e+00 0.000000000000000000e+00 0.000000000000000000e+00 1.000000000000000000e+00
9.987414693582697955e-01 6.203321080638268988e-03 -4.976943029264726398e-02 -1.049441323001538251e+00 -5.545169520852242379e-03 9.998954927044195751e-01 1.335120834867024701e-02 4.704374663690862046e-02 4.984705085628608062e-02 -1.305842551593044618e-02 9.986714920553080299e-01 3.692908575420511141e+01 0.000000000000000000e+00 0.000000000000000000e+00 0.000000000000000000e+00 1.000000000000000000e+00
9.988215213091722333e-01 1.180398812857395494e-02 -4.707689915330755953e-02 -1.099406034081962913e+00 -1.125879431487504176e-02 9.998666444196799841e-01 1.182932489633165343e-02 3.447705816740599671e-02 4.721025439674663565e-02 -1.128535516446528726e-02 9.988212215599979737e-01 3.752010388385851769e+01 0.000000000000000000e+00 0.000000000000000000e+00 0.000000000000000000e+00 1.000000000000000000e+00
9.988789991762256903e-01 1.166742879363481637e-02 -4.587609519179881856e-02 -1.118149368591849324e+00 -1.128675025207764512e-02 9.998997631054145074e-01 8.548275292780601123e-03 4.036505780543706012e-02 4.597123310776798921e-02 -8.020900640165220391e-03 9.989105620021603293e-01 3.811727965926306183e+01 0.000000000000000000e+00 0.000000000000000000e+00 0.000000000000000000e+00 1.000000000000000000e+00
9.989384300030934583e-01 1.246457905956989236e-02 -4.434689765724261074e-02 -1.149088048973593512e+00 -1.218723046672455339e-02 9.999044827316451167e-01 6.518959020437265980e-03 5.128560786605206728e-02 4.442391784281468636e-02 -5.971572826897103385e-03 9.989949228306757023e-01 3.873784956329914309e+01 0.000000000000000000e+00 0.000000000000000000e+00 0.000000000000000000e+00 1.000000000000000000e+00
9.990724274842555097e-01 1.386376140641547988e-02 -4.076862470556243123e-02 -1.175194454454573822e+00 -1.355896540868464957e-02 9.998780906197114460e-01 7.743278099375246019e-03 4.400585183667881511e-02 4.087100558786262855e-02 -7.183315275286165404e-03 9.991386094451022437e-01 3.931284427990919994e+01 0.000000000000000000e+00 0.000000000000000000e+00 0.000000000000000000e+00 1.000000000000000000e+00
9.991387529297486303e-01 1.840627295855652365e-02 -3.718819046097332492e-02 -1.200833533309405565e+00 -1.802631168323897554e-02 9.997820947176444539e-01 1.052687841175646045e-02 4.614884788058613851e-02 3.737384755527893565e-02 -9.847446256380305157e-03 9.992528325309577575e-01 3.983072669601897076e+01 0.000000000000000000e+00 0.000000000000000000e+00 0.000000000000000000e+00 1.000000000000000000e+00
9.991819759630762299e-01 2.245637687954017692e-02 -3.363168220541973286e-02 -1.229525966560927053e+00 -2.198008588329044416e-02 9.996537540407585132e-01 1.446540206078843899e-02 4.511867597425579801e-02 3.394487789174474579e-02 -1.371434175092433976e-02 9.993296063337928636e-01 4.040439201575608763e+01 0.000000000000000000e+00 0.000000000000000000e+00 0.000000000000000000e+00 1.000000000000000000e+00
9.992111204561571203e-01 2.753621934268143945e-02 -2.861631319829252909e-02 -1.255409460380112474e+00 -2.711813435381849394e-02 9.995212299398005262e-01 1.489690198648009264e-02 6.176807656710500694e-02 2.901281692492600761e-02 -1.410912909921410545e-02 9.994794589835963583e-01 4.099640522306116708e+01 0.000000000000000000e+00 0.000000000000000000e+00 0.000000000000000000e+00 1.000000000000000000e+00
9.992302375006616444e-01 3.103502922988192470e-02 -2.399498749888776677e-02 -1.249543196772754605e+00 -3.068121794292775345e-02 9.994170292736854755e-01 1.497546203955559506e-02 7.558014672055378413e-02 2.444576302572618737e-02 -1.422773904947607568e-02 9.995999080190184349e-01 4.153412934167165815e+01 0.000000000000000000e+00 0.000000000000000000e+00 0.000000000000000000e+00 1.000000000000000000e+00
9.992127349275556902e-01 3.500039320636027379e-02 -1.867840555279721287e-02 -1.258122893586804070e+00 -3.468653103904131146e-02 9.992558300310615538e-01 1.687100214599135395e-02 8.466440971290621620e-02 1.925499735321217071e-02 -1.620983110129778360e-02 9.996831930429737056e-01 4.210071367131318709e+01 0.000000000000000000e+00 0.000000000000000000e+00 0.000000000000000000e+00 1.000000000000000000e+00
9.991543653959323867e-01 3.973572090603869067e-02 -1.056534875569289586e-02 -1.293288498155757749e+00 -3.954068922008267123e-02 9.990545816541076540e-01 1.806866823912365444e-02 9.079530984943537386e-02 1.127333163944208537e-02 -1.763562757636059214e-02 9.997809243197909312e-01 4.263330443450161766e+01 0.000000000000000000e+00 0.000000000000000000e+00 0.000000000000000000e+00 1.000000000000000000e+00
9.990449833597060403e-01 4.358529379864376635e-02 -3.073009647023510968e-03 -1.312857564774304153e+00 -4.352183608455184594e-02 9.988839963361909602e-01 1.834697924095709393e-02 7.598465844735295682e-02 3.869238637533182600e-03 -1.819571454833881705e-02 9.998269575103690965e-01 4.305842907475358317e+01 0.000000000000000000e+00 0.000000000000000000e+00 0.000000000000000000e+00 1.000000000000000000e+00
9.988840672235078655e-01 4.700969700098214105e-02 4.550674114753405775e-03 -1.314052074292285432e+00 -4.708543704012640302e-02 9.987235209075114861e-01 1.828361027920892209e-02 8.467456361761049877e-02 -3.685358295079610175e-03 -1.847747747874603844e-02 9.998224847242933588e-01 4.357811107448308263e+01 0.000000000000000000e+00 0.000000000000000000e+00 0.000000000000000000e+00 1.000000000000000000e+00
9.986045952920330482e-01 5.141915793663145301e-02 1.203878975324082501e-02 -1.313122427001078396e+00 -5.162494912302988820e-02 9.985139491788944666e-01 1.745731718252363507e-02 9.333243653748220237e-02 -1.112325895048492906e-02 -1.805445906845256146e-02 9.997751295256681603e-01 4.405059720921440913e+01 0.000000000000000000e+00 0.000000000000000000e+00 0.000000000000000000e+00 1.000000000000000000e+00
9.982346116941203107e-01 5.560346790337013234e-02 2.087856252255402764e-02 -1.346374822571743790e+00 -5.591932995781388055e-02 9.983246716745872718e-01 1.486198044995683080e-02 9.751893741758499434e-02 -2.001720642243648082e-02 -1.600325851021174028e-02 9.996715496422297065e-01 4.443160554744751778e+01 0.000000000000000000e+00 0.000000000000000000e+00 0.000000000000000000e+00 1.000000000000000000e+00
9.979222052879391791e-01 5.755652860435057916e-02 2.895717887283186243e-02 -1.340057073013730671e+00 -5.792928879505316458e-02 9.982461132732081133e-01 1.220224711398908146e-02 8.861341417220153227e-02 -2.820407227610790060e-02 -1.385436212707460112e-02 9.995061715452768780e-01 4.480433976859711009e+01 0.000000000000000000e+00 0.000000000000000000e+00 0.000000000000000000e+00 1.000000000000000000e+00
9.976039908258323985e-01 5.820706770139447150e-02 3.739270995766331290e-02 -1.328471665857775097e+00 -5.868105374577368971e-02 9.982081574995552709e-01 1.170505158582582118e-02 9.651566220433135945e-02 -3.664439138065000295e-02 -1.387124979756778481e-02 9.992320936646279517e-01 4.523340300205233433e+01 0.000000000000000000e+00 0.000000000000000000e+00 0.000000000000000000e+00 1.000000000000000000e+00
9.973882426791818023e-01 5.696020953146281596e-02 4.440977252211331106e-02 -1.297981251955371285e+00 -5.757882222331253685e-02 9.982592092415659701e-01 1.277616514365920164e-02 1.029711030723684806e-01 -4.360473135693136715e-02 -1.529985929784171902e-02 9.989317002221707043e-01 4.562905363238402145e+01 0.000000000000000000e+00 0.000000000000000000e+00 0.000000000000000000e+00 1.000000000000000000e+00
9.968947581618849973e-01 5.865361989796874509e-02 5.254135535196791801e-02 -1.288233751808347982e+00 -5.948883408836921211e-02 9.981240213129918271e-01 1.447469159557357270e-02 8.758879021875409787e-02 -5.159379583015413079e-02 -1.755536814894839703e-02 9.985138403051766476e-01 4.591323252885223383e+01 0.000000000000000000e+00 0.000000000000000000e+00 0.000000000000000000e+00 1.000000000000000000e+00
9.961530748679805480e-01 6.216105427977984543e-02 6.176612956867452708e-02 -1.269983380583689092e+00 -6.314188575171986173e-02 9.979055869421985525e-01 1.405495689290037903e-02 1.051047124552190182e-01 -6.076309484205662248e-02 -1.790091842255073576e-02 9.979916850479492174e-01 4.628242238265546860e+01 0.000000000000000000e+00 0.000000000000000000e+00 0.000000000000000000e+00 1.000000000000000000e+00
9.951586374689420644e-01 6.749448136230898343e-02 7.144075347161292500e-02 -1.280642013143011404e+00 -6.867978337291946733e-02 9.975367748018602043e-01 1.426430067509992274e-02 9.153735543064077385e-02 -7.030201723142580350e-02 -1.910177749670823391e-02 9.973428439958140768e-01 4.651134629623601313e+01 0.000000000000000000e+00 0.000000000000000000e+00 0.000000000000000000e+00 1.000000000000000000e+00
9.941948769285452459e-01 7.117834225987396124e-02 8.068575018038298685e-02 -1.258067746062421222e+00 -7.254483664137151289e-02 9.972650652605352661e-01 1.412927059600061798e-02 9.431224910493710145e-02 -7.945938186087055100e-02 -1.990058300740327538e-02 9.966394400334827042e-01 4.682314811641592911e+01 0.000000000000000000e+00 0.000000000000000000e+00 0.000000000000000000e+00 1.000000000000000000e+00
9.933990930639926553e-01 7.068084103793620399e-02 9.034633700270811030e-02 -1.233424934009165419e+00 -7.227428013393692730e-02 9.972796101828557136e-01 1.448473488368865608e-02 9.963349959921422028e-02 -8.907676650371916527e-02 -2.091883896633743578e-02 9.958050671921401253e-01 4.710797846774517694e+01 0.000000000000000000e+00 0.000000000000000000e+00 0.000000000000000000e+00 1.000000000000000000e+00
9.924064720304062170e-01 6.961686230100570805e-02 1.014045696974514577e-01 -1.226135484497377970e+00 -7.129974930640198272e-02 9.973693974240269711e-01 1.306257366966249653e-02 8.764151969795352937e-02 -1.002284391827324705e-01 -2.019350304909886193e-02 9.947595098382319145e-01 4.731797437542568474e+01 0.000000000000000000e+00 0.000000000000000000e+00 0.000000000000000000e+00 1.000000000000000000e+00
9.910842462846997103e-01 6.832092885820136019e-02 1.143864827951321383e-01 -1.213852386354104418e+00 -6.973208385167965762e-02 9.975305867193723364e-01 8.376457545123689591e-03 9.026149063585939269e-02 -1.135317279353696002e-01 -1.627818292241353312e-02 9.934010104246692174e-01 4.759331803639336300e+01 0.000000000000000000e+00 0.000000000000000000e+00 0.000000000000000000e+00 1.000000000000000000e+00
9.897363027339799446e-01 6.891506464033764212e-02 1.251909138719337344e-01 -1.157467414549163687e+00 -7.014620189908378489e-02 9.975218476978146009e-01 5.447359421660882134e-03 5.857157214374937582e-02 -1.245052665938465863e-01 -1.417311649404917953e-02 9.921177154749539762e-01 4.767851470526089486e+01 0.000000000000000000e+00 0.000000000000000000e+00 0.000000000000000000e+00 1.000000000000000000e+00
9.873524298757785367e-01 7.213744877186963056e-02 1.411784958946721846e-01 -1.101814028876878737e+00 -7.330448244510437417e-02 9.973048622298710253e-01 3.076463247210691355e-03 6.100400455104054709e-02 -1.405760721881624820e-01 -1.338657003649420391e-02 9.899793773967248134e-01 4.800102682429216827e+01 0.000000000000000000e+00 0.000000000000000000e+00 0.000000000000000000e+00 1.000000000000000000e+00
9.847862797648788691e-01 7.358400405622209095e-02 1.574210199874973848e-01 -1.055104979922741437e+00 -7.469707415405815731e-02 9.972055988872140508e-01 1.157869083218124838e-03 6.905015973712652633e-02 -1.568959218707525749e-01 -1.289914319033067143e-02 9.875309016963887965e-01 4.826597009906689806e+01 0.000000000000000000e+00 0.000000000000000000e+00 0.000000000000000000e+00 1.000000000000000000e+00
9.817744190172441598e-01 7.477597826934599679e-02 1.747213302296413140e-01 -9.983674608366135406e-01 -7.601165889701226586e-02 9.971068559314842927e-01 3.815313259982188745e-04 5.377603238580114936e-02 -1.741873068713025718e-01 -1.365543585136647434e-02 9.846178503341448396e-01 4.848622446119880891e+01 0.000000000000000000e+00 0.000000000000000000e+00 0.000000000000000000e+00 1.000000000000000000e+00
9.783568432367113488e-01 7.351398982512552527e-02 1.934259046557320061e-01 -9.468852176485516026e-01 -7.465824412785440622e-02 9.972082282038404744e-01 -1.377020806283120848e-03 6.523684543957732063e-02 -1.929871339640098493e-01 -1.309362068133227211e-02 9.811139195943614499e-01 4.875988146811167212e+01 0.000000000000000000e+00 0.000000000000000000e+00 0.000000000000000000e+00 1.000000000000000000e+00
9.747423287629409794e-01 7.314760869603438576e-02 2.110137906864171797e-01 -8.799816594101566025e-01 -7.446835039052170091e-02 9.972219428691032617e-01 -1.691582242730563365e-03 5.688890373380732501e-02 -2.105513175164518969e-01 -1.406499208749505646e-02 9.774816206403399432e-01 4.878901896658695136e+01 0.000000000000000000e+00 0.000000000000000000e+00 0.000000000000000000e+00 1.000000000000000000e+00
9.703873977374826154e-01 7.269910413223241996e-02 2.303543760614239211e-01 -8.183836184804211822e-01 -7.397063218250941874e-02 9.972555299257792605e-01 -3.123076523387277332e-03 4.703279201250351593e-02 -2.299492202352445835e-01 -1.400886472280620312e-02 9.731017972557552964e-01 4.898479916590427052e+01 0.000000000000000000e+00 0.000000000000000000e+00 0.000000000000000000e+00 1.000000000000000000e+00
9.648384235833273870e-01 7.441768940339593685e-02 2.520889205837884006e-01 -7.836214289208867090e-01 -7.572810707824768894e-02 9.971182880620786948e-01 -4.513691448591084648e-03 1.531799532755320076e-02 -2.516983714202087330e-01 -1.473523382940880762e-02 9.676935479315792454e-01 4.916132761205739143e+01 0.000000000000000000e+00 0.000000000000000000e+00 0.000000000000000000e+00 1.000000000000000000e+00
9.588675032143322285e-01 7.591418717638424851e-02 2.735144373974835452e-01 -6.684215134572619732e-01 -7.691873954222216980e-02 9.970123304195842584e-01 -7.065443973558119782e-03 2.183863526961529744e-02 -2.732336340693599097e-01 -1.426356114918800322e-02 9.618419475343102931e-01 4.937806839979026563e+01 0.000000000000000000e+00 0.000000000000000000e+00 0.000000000000000000e+00 1.000000000000000000e+00
9.506532276969138495e-01 7.805711339208869226e-02 3.002757527978812679e-01 -6.285128421565852053e-01 -7.847748270449202146e-02 9.968586738719252827e-01 -1.068031060740537962e-02 7.763206179973655696e-02 -3.001661629461352954e-01 -1.341161344503850709e-02 9.537926416402021657e-01 4.968218199875320806e+01 0.000000000000000000e+00 0.000000000000000000e+00 0.000000000000000000e+00 1.000000000000000000e+00
9.418228367832131021e-01 8.079623146727062111e-02 3.262540621882093483e-01 -5.362030031832534238e-01 -8.136211583923866342e-02 9.966131438870416970e-01 -1.193513878205473312e-02 7.226695010573550015e-02 -3.261134008589389177e-01 -1.530393453566312144e-02 9.452067706951453596e-01 4.992125425011448669e+01 0.000000000000000000e+00 0.000000000000000000e+00 0.000000000000000000e+00 1.000000000000000000e+00
9.319317046761206313e-01 8.290361595705331155e-02 3.530301520843584506e-01 -4.240816394953410562e-01 -8.352031708634244378e-02 9.964144254077845764e-01 -1.351478720029976321e-02 7.037032591695667472e-02 -3.528847608685541370e-01 -1.689033156921491627e-02 9.355143303264923382e-01 5.015866228053416620e+01 0.000000000000000000e+00 0.000000000000000000e+00 0.000000000000000000e+00 1.000000000000000000e+00
9.205970941848233835e-01 8.383128189964611510e-02 3.814096306512479440e-01 -3.155526409229865159e-01 -8.453880210966314979e-02 9.963082824686930739e-01 -1.493309151328528830e-02 5.710851249974908950e-02 -3.812534342354472749e-01 -1.849655263401905544e-02 9.242855059040655519e-01 5.036803696061213742e+01 0.000000000000000000e+00 0.000000000000000000e+00 0.000000000000000000e+00 1.000000000000000000e+00
9.082436132962382613e-01 8.164538753692221484e-02 4.103992807017808886e-01 -1.554412873054449862e-01 -8.143127559378408875e-02 9.965157762454927015e-01 -1.803482877685179050e-02 5.688018971975386529e-02 -4.104418183637755790e-01 -1.703931887685059682e-02 9.117275773773932945e-01 5.060632738336379788e+01 0.000000000000000000e+00 0.000000000000000000e+00 0.000000000000000000e+00 1.000000000000000000e+00
8.933130574327128315e-01 7.898350638330339790e-02 4.424402639222803635e-01 -2.327830742019154631e-02 -7.774295803169274655e-02 9.967528613151093175e-01 -2.097059695437894153e-02 4.525031541143565567e-02 -4.426599303039533972e-01 -1.566330678813549274e-02 8.965527574681591005e-01 5.082064871959663321e+01 0.000000000000000000e+00 0.000000000000000000e+00 0.000000000000000000e+00 1.000000000000000000e+00
8.755703284475885306e-01 7.888193302149648645e-02 4.766070085353067420e-01 1.233766618404540383e-01 -7.558088105570312520e-02 9.967972930856440206e-01 -2.612827809049740255e-02 5.213871711450341478e-02 -4.771416250559423755e-01 -1.314523259295471980e-02 8.787280992998069973e-01 5.105538108132196129e+01 0.000000000000000000e+00 0.000000000000000000e+00 0.000000000000000000e+00 1.000000000000000000e+00
8.559302726195836541e-01 8.095996061569372959e-02 5.107140620645473916e-01 2.897424248784521983e-01 -7.527777892230372303e-02 9.966544231770233520e-01 -3.183106599216739552e-02 4.558414659094580518e-02 -5.115824707844179864e-01 -1.120024726415885970e-02 8.591611781542108917e-01 5.127151209782526564e+01 0.000000000000000000e+00 0.000000000000000000e+00 0.000000000000000000e+00 1.000000000000000000e+00
8.339876279968845285e-01 8.274404458059175793e-02 5.455438199031998892e-01 4.793873604638564379e-01 -7.455175392159688053e-02 9.965239460077485179e-01 -3.717608129372790976e-02 4.378870536225581284e-02 -5.467235794579777819e-01 -9.666856758495795399e-03 8.372573556231480696e-01 5.151127162616592869e+01 0.000000000000000000e+00 0.000000000000000000e+00 0.000000000000000000e+00 1.000000000000000000e+00
8.094876299296964728e-01 8.600646218625734862e-02 5.808034654278556586e-01 6.599549172023211341e-01 -7.618654795707627270e-02 9.962362049964363919e-01 -4.134046159249381985e-02 2.762069763347909518e-02 -5.821729870933436413e-01 -1.078481879774790229e-02 8.129934198886932251e-01 5.170082923393712804e+01 0.000000000000000000e+00 0.000000000000000000e+00 0.000000000000000000e+00 1.000000000000000000e+00
7.822648823710979249e-01 8.968901987031238643e-02 6.164556216984603543e-01 8.441831655896508968e-01 -7.882314226382937383e-02 9.958784189969406286e-01 -4.486743607348639418e-02 1.471677882038162355e-02 -6.179389662843642883e-01 -1.349274956615649501e-02 7.861102846652983089e-01 5.189810092489960880e+01 0.000000000000000000e+00 0.000000000000000000e+00 0.000000000000000000e+00 1.000000000000000000e+00
7.513461626752957478e-01 9.343038380888349370e-02 6.532608263277637217e-01 9.848378276285364441e-01 -8.201376236697850708e-02 9.954724073586838085e-01 -4.804611295325754428e-02 4.664671273530408835e-03 -6.547920941913706327e-01 -1.747711557520731374e-02 7.556069506136441349e-01 5.210698374532855581e+01 0.000000000000000000e+00 0.000000000000000000e+00 0.000000000000000000e+00 1.000000000000000000e+00
7.200631251411974132e-01 9.474611188121925820e-02 6.874098268829765823e-01 1.337010696095243478e+00 -8.187418449059259695e-02 9.953152483582271559e-01 -5.142153536796401775e-02 -1.684726099808189076e-02 -6.890614731109937496e-01 -1.925436753024831193e-02 7.244470688774419243e-01 5.232599492424368748e+01 0.000000000000000000e+00 0.000000000000000000e+00 0.000000000000000000e+00 1.000000000000000000e+00
6.829283135221818624e-01 9.249056184544490744e-02 7.246063859498220738e-01 1.608375074061167975e+00 -7.838155275346642137e-02 9.955031844836785826e-01 -5.319531812864739667e-02 -3.316256559092557732e-02 -7.262680295715241430e-01 -2.046718476895147826e-02 6.871068647378869576e-01 5.254847803472932810e+01 0.000000000000000000e+00 0.000000000000000000e+00 0.000000000000000000e+00 1.000000000000000000e+00
6.438803733012705699e-01 9.022384832116915609e-02 7.597879454634268725e-01 1.866527533604114053e+00 -7.480244705414169915e-02 9.956889818271524861e-01 -5.484565053601380552e-02 -6.256764496296957079e-02 -7.614608714780614074e-01 -2.151995962182342778e-02 6.478535579478945650e-01 5.273773654486484475e+01 0.000000000000000000e+00 0.000000000000000000e+00 0.000000000000000000e+00 1.000000000000000000e+00
6.027139452964302979e-01 9.018344340605784215e-02 7.928447809506210531e-01 2.195241763160494131e+00 -7.293104127886924914e-02 9.956600329370461910e-01 -5.781143511259654449e-02 -7.539368508403979097e-02 -7.946174950019611050e-01 -2.297923730728409011e-02 6.066753590591790202e-01 5.293235950042627991e+01 0.000000000000000000e+00 0.000000000000000000e+00 0.000000000000000000e+00 1.000000000000000000e+00
5.572183991807330150e-01 9.057394070744483050e-02 8.254114227942243032e-01 2.652994062669534081e+00 -6.903567705762614359e-02 9.956450799112392946e-01 -6.264942251716688892e-02 -7.351853535762042924e-02 -8.274912270880317999e-01 -2.207342549908461807e-02 5.610445909008299203e-01 5.319535027361013135e+01 0.000000000000000000e+00 0.000000000000000000e+00 0.000000000000000000e+00 1.000000000000000000e+00
5.089617039393546927e-01 8.941780251407538405e-02 8.561322564397993995e-01 3.029690814339027760e+00 -6.556107074855013761e-02 9.957277952095581197e-01 -6.502233346638031097e-02 -9.693704954220530579e-02 -8.582888382854877429e-01 -2.303506979940364574e-02 5.126496421864391584e-01 5.338559270957313174e+01 0.000000000000000000e+00 0.000000000000000000e+00 0.000000000000000000e+00 1.000000000000000000e+00
4.599480242491718607e-01 8.753452445910137047e-02 8.836206889933045927e-01 3.392417633045956116e+00 -6.319883662503907040e-02 9.958324790452961484e-01 -6.575394077725729702e-02 -1.178940740392174086e-01 -8.856939211931652567e-01 -2.560040441509571149e-02 4.635632613303803384e-01 5.354518404797986619e+01 0.000000000000000000e+00 0.000000000000000000e+00 0.000000000000000000e+00 1.000000000000000000e+00
4.098408780634961168e-01 8.571675364988393109e-02 9.081206378074818675e-01 3.774733318424269513e+00 -6.314405462493562216e-02 9.958526643956102653e-01 -6.550037543163511611e-02 -1.421894742916907095e-01 -9.099688362980710155e-01 -3.049768777935698075e-02 4.135536337725096434e-01 5.369977955633363820e+01 0.000000000000000000e+00 0.000000000000000000e+00 0.000000000000000000e+00 1.000000000000000000e+00
